max_eps = 0.4094332034810189 : time is -4734072000 
min_eps = 0.40875190046933224  : time is 4735368000
