max_eps = 0.4094332034810189 
min_eps = 0.40875190046933224 
